_C_55b4_5e4fea90_9 c4 0 20 0 0 0 
_C_55b4_5e4fea90_4 8c 0 c8 0 0 2e747874 0 74657874 0 6865725f 0 2f636970 0 2f726566 0 2e2f2e2e 0 2e 
_C_78a1_5e69010a_2 84 0 76 0 0 0 0 0 0 0 0 0 
_C_55b4_5e4fea90_a d4 0 20 0 0 0 
_C_55b4_5e4fea90_6 8c 0 f0 0 0 696c6564 0 73206661 0 63617365 0 65737420 0 25642074 0 206f6620 0 206f7574 0 2564 
_C_7ca5_5e69b407_2 94 0 20 0 0 3e7 
_C_55b4_5e4fea90_7 94 0 20 0 0 3e8 
_C_55b4_5e4fea90_2 8c 0 c0 0 0 2e747874 0 74657874 0 61696e5f 0 662f706c 0 2e2f7265 0 2e2e2f2e 
_C_7ca5_5e69b407_1 94 0 20 0 0 0 
_C_55b4_5e4fea90_1 94 0 20 0 0 1 
_C_55b4_5e4fea90_5 8c 0 1d8 0 0 4f2e2e2e 0 204d494d 0 20666f72 0 65737473 0 68652074 0 6c6c2074 0 65642061 0 70617373 0 6f646520 0 75722063 0 2c20796f 0 696f6e73 0 756c6174 0 67726174 0 436f6e 
_C_55b4_5e4fea90_3 8c 0 c0 0 0 2e747874 0 5f6b6579 0 70686572 0 662f6369 0 2e2f7265 0 2e2e2f2e 
